72
G502-L-SLE_2009   0.000000 0.036565 0.044959 0.039987 0.043919 0.064043 0.063227 0.063507 0.065229 0.064248 0.065633 0.064548 0.063510 0.070573 0.070630 0.072470 0.069597 0.069583 0.069663 0.070718 0.073739 0.070746 0.071818 0.070988 0.069584 0.069679 0.069300 0.068395 0.068571 0.071722 0.070522 0.069665 0.069602 0.067744 0.070395 0.069422 0.050391 0.067238 0.071097 0.070286 0.065814 0.067234 0.063082 0.067180 0.063927 0.063016 0.061129 0.064179 0.065613 0.086498 0.083058 0.083118 0.088208 0.083538 0.087225 0.088986 0.089944 0.089940 0.090154 0.096628 0.088906 0.159066 0.149736 0.166761 0.167798 0.167522 0.170680 0.166280 0.169096 0.164741 0.167589 0.189786 
G1180-L-SLE_2010  0.036565 0.000000 0.042870 0.040416 0.043713 0.062084 0.060957 0.061516 0.063680 0.062607 0.064563 0.062841 0.060533 0.069215 0.069915 0.071955 0.069845 0.070188 0.070854 0.069844 0.072809 0.070350 0.072466 0.071133 0.069746 0.070624 0.068359 0.067608 0.067818 0.069860 0.069733 0.068382 0.068279 0.066505 0.067572 0.067893 0.050677 0.069731 0.072547 0.075951 0.065302 0.066639 0.062447 0.067068 0.065785 0.064890 0.061272 0.064673 0.064869 0.087312 0.083611 0.083541 0.088232 0.084878 0.089915 0.093224 0.092282 0.092281 0.092500 0.098262 0.089904 0.157532 0.155094 0.170165 0.172415 0.171737 0.173797 0.169451 0.174176 0.164059 0.170664 0.187721 
G503-L-SLE_2009   0.044959 0.042870 0.000000 0.041774 0.045217 0.057990 0.057506 0.058036 0.059257 0.058528 0.059843 0.060697 0.058910 0.063861 0.063722 0.066731 0.064699 0.067731 0.068108 0.068095 0.070348 0.067965 0.068761 0.067928 0.066603 0.067105 0.066993 0.065563 0.065795 0.065374 0.065276 0.063244 0.063150 0.064645 0.066719 0.066197 0.046487 0.067847 0.064744 0.069526 0.061520 0.063705 0.060011 0.064060 0.061155 0.061901 0.055797 0.059471 0.061567 0.081877 0.075498 0.078037 0.083721 0.078215 0.086082 0.088922 0.089407 0.089403 0.089614 0.091916 0.085561 0.152353 0.146215 0.164658 0.167743 0.163680 0.168969 0.162666 0.162350 0.154792 0.162043 0.190669 
LM779-L-SLE_2012  0.039987 0.040416 0.041774 0.000000 0.042573 0.058850 0.057950 0.058388 0.059198 0.058715 0.060561 0.062355 0.058100 0.067444 0.069295 0.069869 0.067595 0.068682 0.068251 0.067658 0.069960 0.067371 0.068030 0.067653 0.066027 0.067385 0.065176 0.065374 0.065521 0.068245 0.065566 0.066382 0.066382 0.065355 0.068906 0.068095 0.049220 0.067917 0.068909 0.070951 0.060483 0.061229 0.062564 0.064563 0.060240 0.061868 0.058900 0.061350 0.060998 0.082789 0.081325 0.082040 0.084725 0.082105 0.084260 0.085664 0.087030 0.087142 0.087120 0.093372 0.088010 0.150663 0.145762 0.165993 0.166073 0.165196 0.167031 0.160766 0.167435 0.156470 0.162828 0.177269 
G2147-L-SLE_2011  0.043919 0.043713 0.045217 0.042573 0.000000 0.064553 0.063920 0.064006 0.065166 0.064486 0.066125 0.065649 0.064274 0.072056 0.070956 0.075388 0.072550 0.073794 0.074812 0.073696 0.075480 0.072033 0.075824 0.075374 0.073638 0.071220 0.070503 0.071767 0.071752 0.075391 0.073832 0.072214 0.071959 0.072204 0.073682 0.074651 0.053713 0.073173 0.073924 0.077760 0.070648 0.071174 0.067676 0.070407 0.065024 0.068000 0.061624 0.069068 0.066757 0.089745 0.087986 0.088581 0.093025 0.087637 0.094246 0.095750 0.095528 0.094809 0.095029 0.100921 0.094611 0.164678 0.151830 0.175599 0.179819 0.174690 0.180274 0.170500 0.177420 0.164615 0.171008 0.197826 
G610-L-SLE_2009   0.064043 0.062084 0.057990 0.058850 0.064553 0.000000 0.002156 0.002156 0.008339 0.007872 0.009656 0.031456 0.033303 0.068554 0.069989 0.070979 0.069570 0.071643 0.071603 0.070038 0.072771 0.070069 0.070049 0.069969 0.068627 0.069720 0.068182 0.066758 0.066707 0.069162 0.068503 0.067708 0.067607 0.066017 0.067152 0.068096 0.049269 0.070550 0.068923 0.070066 0.063091 0.063118 0.064583 0.068289 0.064922 0.065196 0.062283 0.066973 0.067079 0.084209 0.081191 0.081768 0.082292 0.083127 0.088014 0.089435 0.090522 0.090519 0.090733 0.093930 0.088726 0.154543 0.148677 0.167808 0.168867 0.166658 0.170408 0.165520 0.169666 0.159187 0.165196 0.185366 
G693-L-SLE_2009   0.063227 0.060957 0.057506 0.057950 0.063920 0.002156 0.000000 0.000817 0.007800 0.007333 0.009005 0.030840 0.032527 0.067201 0.068610 0.070315 0.068779 0.069987 0.069920 0.068409 0.071127 0.068957 0.068691 0.068621 0.067275 0.068779 0.066584 0.065434 0.065378 0.067680 0.067056 0.066220 0.066132 0.064716 0.065858 0.066507 0.047566 0.068499 0.068572 0.068295 0.061403 0.062011 0.063461 0.067173 0.063783 0.064584 0.061045 0.066351 0.065958 0.083274 0.080538 0.080852 0.080804 0.081997 0.086615 0.088073 0.089161 0.089156 0.089367 0.092347 0.087379 0.153988 0.148532 0.165876 0.166173 0.164626 0.167916 0.164115 0.169153 0.159193 0.164598 0.183751 
G771-L-SLE_2010   0.063507 0.061516 0.058036 0.058388 0.064006 0.002156 0.000817 0.000000 0.007798 0.007335 0.008891 0.031081 0.032767 0.067519 0.068762 0.070609 0.069117 0.070301 0.070252 0.068423 0.071119 0.068949 0.068716 0.068647 0.067316 0.068483 0.067155 0.065742 0.065690 0.067420 0.067334 0.066544 0.066445 0.065010 0.066135 0.066783 0.047847 0.069098 0.069179 0.068744 0.061432 0.062010 0.063759 0.067443 0.064071 0.065023 0.061323 0.066507 0.065660 0.083245 0.080528 0.080540 0.080855 0.082301 0.086853 0.088260 0.089651 0.089646 0.089859 0.092552 0.087542 0.153966 0.148314 0.166959 0.166950 0.165459 0.168862 0.164968 0.169129 0.158727 0.164020 0.184699 
G1792-L-SLE_2011  0.065229 0.063680 0.059257 0.059198 0.065166 0.008339 0.007800 0.007798 0.000000 0.001448 0.002069 0.032517 0.033317 0.069485 0.069627 0.071446 0.070958 0.071471 0.071059 0.070742 0.073369 0.071224 0.070164 0.070972 0.069611 0.070114 0.068884 0.067254 0.067551 0.068945 0.068753 0.067845 0.067742 0.066979 0.067760 0.068759 0.050198 0.071020 0.070636 0.071260 0.063243 0.064171 0.065101 0.069114 0.065313 0.065814 0.062648 0.067908 0.068878 0.085605 0.082750 0.082807 0.083125 0.085808 0.088635 0.089680 0.091097 0.091196 0.091294 0.094504 0.090495 0.156107 0.149010 0.167924 0.168762 0.168187 0.170076 0.168869 0.170618 0.160202 0.167823 0.186205 
G1960-L-SLE_2011  0.064248 0.062607 0.058528 0.058715 0.064486 0.007872 0.007333 0.007335 0.001448 0.000000 0.002373 0.031854 0.032624 0.068225 0.069299 0.070476 0.069481 0.070795 0.070786 0.069492 0.071815 0.070315 0.069214 0.069718 0.068318 0.068640 0.067778 0.066380 0.066214 0.067713 0.067435 0.066503 0.066492 0.066189 0.066895 0.067805 0.048822 0.069765 0.069481 0.069814 0.062628 0.063095 0.063803 0.067934 0.064851 0.065352 0.061767 0.066969 0.067723 0.084007 0.081227 0.081443 0.081727 0.084699 0.086938 0.088393 0.089954 0.090117 0.090163 0.093917 0.089134 0.154170 0.147813 0.165300 0.166542 0.165954 0.167867 0.166189 0.168833 0.158821 0.167123 0.184591 
G2565-L-SLE_2012  0.065633 0.064563 0.059843 0.060561 0.066125 0.009656 0.009005 0.008891 0.002069 0.002373 0.000000 0.033201 0.034298 0.070976 0.071535 0.072805 0.071438 0.072638 0.072756 0.071193 0.073606 0.072285 0.071058 0.071583 0.070229 0.069916 0.069463 0.068494 0.068445 0.070458 0.069910 0.069050 0.068946 0.067597 0.068679 0.069492 0.050727 0.071918 0.071537 0.072387 0.064858 0.065274 0.065327 0.069313 0.066706 0.066311 0.062881 0.068235 0.069729 0.086835 0.083327 0.083886 0.084481 0.086750 0.089248 0.090680 0.092209 0.092208 0.092425 0.095604 0.092024 0.154760 0.149315 0.168014 0.168591 0.167324 0.170853 0.167356 0.170184 0.161556 0.169124 0.187060 
G2197-L-SLE_2011  0.064548 0.062841 0.060697 0.062355 0.065649 0.031456 0.030840 0.031081 0.032517 0.031854 0.033201 0.000000 0.030461 0.068025 0.069448 0.070904 0.070258 0.069583 0.069544 0.070222 0.072898 0.069738 0.070946 0.070891 0.069475 0.070651 0.068804 0.068384 0.068215 0.068518 0.067120 0.067427 0.067427 0.067005 0.068099 0.067268 0.049284 0.069170 0.070435 0.071675 0.063833 0.063517 0.062524 0.065143 0.062634 0.063491 0.061421 0.066651 0.065725 0.084427 0.083854 0.083186 0.083208 0.086015 0.088868 0.089399 0.089452 0.089488 0.089555 0.095424 0.088721 0.161804 0.155530 0.171326 0.170682 0.169685 0.173196 0.169790 0.172719 0.162323 0.168756 0.192853 
LM032-L-SLE_2010  0.063510 0.060533 0.058910 0.058100 0.064274 0.033303 0.032527 0.032767 0.033317 0.032624 0.034298 0.030461 0.000000 0.067000 0.067430 0.068082 0.067177 0.067095 0.067011 0.066404 0.068479 0.066658 0.066725 0.068358 0.066984 0.065602 0.066219 0.065578 0.065434 0.067974 0.066056 0.066366 0.066333 0.065260 0.065966 0.065391 0.046094 0.068067 0.067593 0.068452 0.062582 0.062227 0.063552 0.066254 0.063471 0.062687 0.061026 0.064870 0.065050 0.080357 0.079372 0.078853 0.079955 0.081552 0.083752 0.085672 0.086206 0.086197 0.086404 0.092183 0.084211 0.157101 0.150373 0.169606 0.169505 0.167108 0.171629 0.166868 0.169613 0.154982 0.166696 0.193316 
G636-L-SLE_2009   0.070573 0.069215 0.063861 0.067444 0.072056 0.068554 0.067201 0.067519 0.069485 0.068225 0.070976 0.068025 0.067000 0.000000 0.004068 0.017821 0.029500 0.056252 0.056541 0.055441 0.058058 0.055018 0.056701 0.056652 0.055141 0.056635 0.055185 0.053985 0.053626 0.056080 0.055148 0.056232 0.056472 0.052905 0.054366 0.053726 0.035139 0.055441 0.057979 0.056701 0.068895 0.071027 0.072253 0.075056 0.071915 0.070436 0.069620 0.071432 0.069378 0.083696 0.081171 0.081941 0.084820 0.082987 0.086422 0.089251 0.089448 0.089278 0.089656 0.091872 0.091815 0.152633 0.147759 0.164357 0.164289 0.162365 0.166414 0.161758 0.166430 0.157395 0.162075 0.187433 
G2315-L-SLE_2012  0.070630 0.069915 0.063722 0.069295 0.070956 0.069989 0.068610 0.068762 0.069627 0.069299 0.071535 0.069448 0.067430 0.004068 0.000000 0.019914 0.031567 0.057001 0.057026 0.055835 0.058467 0.054643 0.057286 0.056432 0.055101 0.056304 0.056374 0.054445 0.054581 0.056490 0.054609 0.056702 0.056702 0.054015 0.055656 0.055117 0.036991 0.055715 0.057167 0.058332 0.068851 0.070773 0.070930 0.073232 0.069986 0.070685 0.068542 0.069575 0.068827 0.084025 0.081055 0.081966 0.085180 0.082748 0.088056 0.090511 0.090723 0.090676 0.090815 0.093035 0.092761 0.148467 0.147890 0.165926 0.162086 0.161458 0.165238 0.163106 0.163268 0.155379 0.163576 0.182466 
G2903-L-SLE_2012  0.072470 0.071955 0.066731 0.069869 0.075388 0.070979 0.070315 0.070609 0.071446 0.070476 0.072805 0.070904 0.068082 0.017821 0.019914 0.000000 0.032709 0.058014 0.058321 0.058295 0.061473 0.058477 0.058918 0.059133 0.057803 0.059942 0.056843 0.055828 0.055962 0.057403 0.056954 0.057528 0.057528 0.054396 0.056167 0.056018 0.038451 0.057356 0.061512 0.059796 0.072966 0.075529 0.074587 0.077155 0.074800 0.074184 0.072835 0.075330 0.074026 0.084576 0.083107 0.083372 0.084986 0.084733 0.086762 0.088359 0.088123 0.088232 0.088210 0.093250 0.091448 0.158068 0.148765 0.165550 0.166886 0.165423 0.168408 0.165675 0.167675 0.156599 0.164621 0.185681 
G3206-L-SLE_2012  0.069597 0.069845 0.064699 0.067595 0.072550 0.069570 0.068779 0.069117 0.070958 0.069481 0.071438 0.070258 0.067177 0.029500 0.031567 0.032709 0.000000 0.056731 0.056261 0.056791 0.059002 0.056643 0.057451 0.058415 0.057390 0.058819 0.056072 0.055219 0.055102 0.054934 0.055903 0.054816 0.054790 0.052956 0.054953 0.053493 0.035677 0.055674 0.058254 0.056068 0.069761 0.071963 0.073560 0.074464 0.071361 0.071945 0.071296 0.074165 0.071348 0.084526 0.081306 0.081815 0.084846 0.084131 0.086809 0.088720 0.089072 0.089233 0.089279 0.091318 0.090932 0.152079 0.148911 0.167615 0.164585 0.166968 0.167218 0.167103 0.163244 0.157312 0.158891 0.189089 
G676-L-SLE_2009   0.069583 0.070188 0.067731 0.068682 0.073794 0.071643 0.069987 0.070301 0.071471 0.070795 0.072638 0.069583 0.067095 0.056252 0.057001 0.058014 0.056731 0.000000 0.004344 0.032602 0.035516 0.033759 0.034544 0.034281 0.032455 0.034982 0.032360 0.031297 0.031461 0.034393 0.033407 0.032317 0.032278 0.037023 0.038496 0.038544 0.036598 0.039485 0.060391 0.059548 0.067218 0.072839 0.076596 0.077231 0.077404 0.077397 0.075016 0.076367 0.071737 0.079993 0.082668 0.083376 0.085247 0.084479 0.084541 0.086588 0.085566 0.085595 0.085763 0.093692 0.093522 0.155318 0.150424 0.168765 0.167264 0.166663 0.168995 0.164265 0.171148 0.164020 0.163145 0.193249 
G2405-L-SLE_2012  0.069663 0.070854 0.068108 0.068251 0.074812 0.071603 0.069920 0.070252 0.071059 0.070786 0.072756 0.069544 0.067011 0.056541 0.057026 0.058321 0.056261 0.004344 0.000000 0.032117 0.034861 0.032813 0.034176 0.033803 0.031963 0.034326 0.031857 0.030872 0.031293 0.034135 0.033154 0.032180 0.032142 0.036414 0.037875 0.038939 0.036242 0.039647 0.059705 0.059026 0.067745 0.072042 0.075997 0.077067 0.076088 0.076336 0.074377 0.075831 0.071832 0.081068 0.083151 0.083695 0.085279 0.084774 0.084398 0.085979 0.085117 0.085083 0.085298 0.092642 0.094987 0.155358 0.148925 0.169679 0.168780 0.166670 0.169685 0.164950 0.172467 0.163765 0.163337 0.193594 
G1190-L-SLE_2010  0.070718 0.069844 0.068095 0.067658 0.073696 0.070038 0.068409 0.068423 0.070742 0.069492 0.071193 0.070222 0.066404 0.055441 0.055835 0.058295 0.056791 0.032602 0.032117 0.000000 0.005835 0.011720 0.014006 0.015326 0.014110 0.014567 0.033200 0.031527 0.031687 0.033623 0.032143 0.032625 0.032581 0.037375 0.039359 0.037671 0.036297 0.039684 0.058073 0.059776 0.068798 0.071030 0.071188 0.074905 0.073466 0.073756 0.072376 0.073009 0.073678 0.084254 0.083263 0.083557 0.087726 0.083880 0.085391 0.087444 0.087009 0.086888 0.087210 0.092839 0.091736 0.161372 0.156768 0.171666 0.169061 0.168104 0.172056 0.163221 0.173184 0.161080 0.163289 0.188274 
G2944-L-SLE_2012  0.073739 0.072809 0.070348 0.069960 0.075480 0.072771 0.071127 0.071119 0.073369 0.071815 0.073606 0.072898 0.068479 0.058058 0.058467 0.061473 0.059002 0.035516 0.034861 0.005835 0.000000 0.014317 0.017217 0.018457 0.017207 0.016595 0.036346 0.034366 0.034525 0.035943 0.035528 0.035910 0.035860 0.039743 0.041855 0.040650 0.038898 0.042322 0.061102 0.062204 0.071637 0.073529 0.073093 0.077097 0.075467 0.076026 0.074743 0.075346 0.075954 0.086332 0.085591 0.085498 0.089660 0.086659 0.088306 0.090140 0.089513 0.089550 0.089722 0.095034 0.093326 0.164305 0.160664 0.174127 0.172074 0.171814 0.175018 0.167669 0.174733 0.164697 0.166167 0.190700 
LM765-L-SLE_2012  0.070746 0.070350 0.067965 0.067371 0.072033 0.070069 0.068957 0.068949 0.071224 0.070315 0.072285 0.069738 0.066658 0.055018 0.054643 0.058477 0.056643 0.033759 0.032813 0.011720 0.014317 0.000000 0.015227 0.016359 0.014863 0.014626 0.032944 0.031962 0.032206 0.033918 0.033991 0.034128 0.034117 0.037936 0.038961 0.039987 0.037008 0.040525 0.058611 0.059111 0.070986 0.072219 0.074281 0.076985 0.074747 0.076353 0.075256 0.075135 0.073841 0.083764 0.083211 0.083273 0.086480 0.081458 0.087440 0.088893 0.089008 0.089062 0.089130 0.094181 0.093282 0.163601 0.157216 0.172687 0.170970 0.168032 0.170428 0.165449 0.171875 0.163688 0.167130 0.188147 
G1727-L-SLE_2011  0.071818 0.072466 0.068761 0.068030 0.075824 0.070049 0.068691 0.068716 0.070164 0.069214 0.071058 0.070946 0.066725 0.056701 0.057286 0.058918 0.057451 0.034544 0.034176 0.014006 0.017217 0.015227 0.000000 0.017342 0.015667 0.014463 0.034810 0.032868 0.033036 0.035256 0.034019 0.034119 0.034078 0.038504 0.040296 0.039434 0.038200 0.041342 0.059796 0.061682 0.070141 0.070753 0.074027 0.076601 0.074750 0.075479 0.073482 0.075576 0.075053 0.084836 0.084919 0.085832 0.089540 0.086510 0.089061 0.090862 0.090719 0.090758 0.090932 0.097095 0.092948 0.161653 0.157949 0.174924 0.170980 0.171972 0.174393 0.167267 0.174199 0.162532 0.169275 0.194951 
Z0947-L-SLE_2011  0.070988 0.071133 0.067928 0.067653 0.075374 0.069969 0.068621 0.068647 0.070972 0.069718 0.071583 0.070891 0.068358 0.056652 0.056432 0.059133 0.058415 0.034281 0.033803 0.015326 0.018457 0.016359 0.017342 0.000000 0.002568 0.017943 0.033077 0.032366 0.032533 0.035343 0.033860 0.033960 0.033919 0.037260 0.039347 0.038550 0.036681 0.040165 0.058364 0.059522 0.069297 0.071698 0.073830 0.076348 0.074483 0.075286 0.073962 0.074581 0.071946 0.083059 0.082914 0.083519 0.086636 0.083616 0.086111 0.087878 0.088723 0.088758 0.088929 0.093407 0.091431 0.160381 0.156090 0.170718 0.168964 0.168857 0.172887 0.164632 0.172510 0.160015 0.168344 0.187725 
Z0948-L-SLE_2011  0.069584 0.069746 0.066603 0.066027 0.073638 0.068627 0.067275 0.067316 0.069611 0.068318 0.070229 0.069475 0.066984 0.055141 0.055101 0.057803 0.057390 0.032455 0.031963 0.014110 0.017207 0.014863 0.015667 0.002568 0.000000 0.016015 0.031108 0.031268 0.031410 0.033745 0.032491 0.032347 0.032320 0.036249 0.038055 0.036892 0.035681 0.038671 0.057106 0.057986 0.068246 0.070274 0.072467 0.075104 0.073465 0.074104 0.072529 0.073131 0.071427 0.082223 0.082025 0.082644 0.085867 0.082928 0.084948 0.086668 0.087502 0.087535 0.087705 0.092124 0.090498 0.158498 0.154497 0.167965 0.167253 0.166951 0.170975 0.163248 0.170457 0.158414 0.166163 0.186885 
G3148-L-SLE_2012  0.069679 0.070624 0.067105 0.067385 0.071220 0.069720 0.068779 0.068483 0.070114 0.068640 0.069916 0.070651 0.065602 0.056635 0.056304 0.059942 0.058819 0.034982 0.034326 0.014567 0.016595 0.014626 0.014463 0.017943 0.016015 0.000000 0.034705 0.033972 0.034084 0.033710 0.033859 0.034368 0.034368 0.038486 0.040020 0.039982 0.037941 0.041401 0.059414 0.059004 0.070218 0.070688 0.073764 0.075945 0.074803 0.075341 0.075245 0.075912 0.073602 0.084264 0.083425 0.083599 0.088727 0.084300 0.087722 0.089005 0.088904 0.089022 0.089067 0.094217 0.091792 0.158728 0.153763 0.167280 0.166176 0.165605 0.167221 0.162248 0.170086 0.159487 0.163628 0.188662 
G1647-L-SLE_2011  0.069300 0.068359 0.066993 0.065176 0.070503 0.068182 0.066584 0.067155 0.068884 0.067778 0.069463 0.068804 0.066219 0.055185 0.056374 0.056843 0.056072 0.032360 0.031857 0.033200 0.036346 0.032944 0.034810 0.033077 0.031108 0.034705 0.000000 0.020445 0.020458 0.034031 0.033129 0.033745 0.033829 0.038064 0.038761 0.038669 0.035113 0.040008 0.059505 0.058249 0.065907 0.070713 0.073660 0.076102 0.074268 0.073713 0.071443 0.075398 0.073268 0.081806 0.082284 0.081440 0.083556 0.081003 0.085325 0.087178 0.089013 0.089008 0.089220 0.093212 0.090850 0.155797 0.152423 0.166507 0.164150 0.166060 0.166900 0.160814 0.168807 0.161304 0.163183 0.186628 
G2295-L-SLE_2012  0.068395 0.067608 0.065563 0.065374 0.071767 0.066758 0.065434 0.065742 0.067254 0.066380 0.068494 0.068384 0.065578 0.053985 0.054445 0.055828 0.055219 0.031297 0.030872 0.031527 0.034366 0.031962 0.032868 0.032366 0.031268 0.033972 0.020445 0.000000 0.000716 0.031616 0.031489 0.031559 0.031521 0.035491 0.036939 0.037475 0.034278 0.037539 0.057838 0.057410 0.066301 0.071430 0.072663 0.074135 0.072996 0.073362 0.070776 0.074930 0.071744 0.079264 0.081829 0.081913 0.084073 0.081489 0.086528 0.087650 0.088199 0.088233 0.088403 0.090779 0.091482 0.154836 0.151122 0.166565 0.165125 0.165010 0.165899 0.161848 0.170192 0.162472 0.163098 0.189654 
G2587-L-SLE_2012  0.068571 0.067818 0.065795 0.065521 0.071752 0.066707 0.065378 0.065690 0.067551 0.066214 0.068445 0.068215 0.065434 0.053626 0.054581 0.055962 0.055102 0.031461 0.031293 0.031687 0.034525 0.032206 0.033036 0.032533 0.031410 0.034084 0.020458 0.000716 0.000000 0.031781 0.031464 0.031670 0.031670 0.035651 0.036908 0.037620 0.034183 0.037968 0.058062 0.057623 0.066839 0.071850 0.072910 0.074539 0.073354 0.073510 0.070949 0.075015 0.071652 0.079526 0.082003 0.082020 0.084391 0.081406 0.086786 0.087982 0.088321 0.088355 0.088327 0.091472 0.091385 0.154439 0.150880 0.165866 0.165155 0.164923 0.165606 0.161448 0.169581 0.162326 0.163163 0.189249 
G2280-L-SLE_2012  0.071722 0.069860 0.065374 0.068245 0.075391 0.069162 0.067680 0.067420 0.068945 0.067713 0.070458 0.068518 0.067974 0.056080 0.056490 0.057403 0.054934 0.034393 0.034135 0.033623 0.035943 0.033918 0.035256 0.035343 0.033745 0.033710 0.034031 0.031616 0.031781 0.000000 0.014231 0.017016 0.016997 0.039375 0.039745 0.038138 0.036033 0.040442 0.059889 0.059675 0.067946 0.072720 0.073716 0.075298 0.073142 0.072778 0.071666 0.072776 0.072099 0.082742 0.080613 0.079933 0.087582 0.084664 0.086239 0.087358 0.088018 0.088051 0.088222 0.092427 0.091086 0.154763 0.150775 0.164466 0.164273 0.163842 0.165125 0.161187 0.173853 0.157997 0.164962 0.185964 
G2612-L-SLE_2012  0.070522 0.069733 0.065276 0.065566 0.073832 0.068503 0.067056 0.067334 0.068753 0.067435 0.069910 0.067120 0.066056 0.055148 0.054609 0.056954 0.055903 0.033407 0.033154 0.032143 0.035528 0.033991 0.034019 0.033860 0.032491 0.033859 0.033129 0.031489 0.031464 0.014231 0.000000 0.015370 0.015370 0.037358 0.038089 0.037074 0.035251 0.039181 0.055910 0.059571 0.067628 0.071885 0.073241 0.075422 0.074346 0.073232 0.071510 0.072757 0.072658 0.081027 0.078269 0.078506 0.085730 0.083257 0.085346 0.086345 0.086516 0.086559 0.086275 0.091879 0.089347 0.157298 0.151222 0.165932 0.166610 0.164392 0.167310 0.161703 0.174021 0.158015 0.167412 0.185328 
G3016-L-SLE_2012  0.069665 0.068382 0.063244 0.066382 0.072214 0.067708 0.066220 0.066544 0.067845 0.066503 0.069050 0.067427 0.066366 0.056232 0.056702 0.057528 0.054816 0.032317 0.032180 0.032625 0.035910 0.034128 0.034119 0.033960 0.032347 0.034368 0.033745 0.031559 0.031670 0.017016 0.015370 0.000000 0.000001 0.038345 0.039658 0.037703 0.034758 0.039545 0.057932 0.059125 0.067979 0.071992 0.072227 0.074219 0.072727 0.072392 0.071126 0.074025 0.070863 0.084530 0.081191 0.081509 0.088262 0.082812 0.087575 0.087861 0.087762 0.087796 0.087966 0.095218 0.091679 0.160593 0.154552 0.166702 0.167690 0.167044 0.169321 0.164198 0.173900 0.159206 0.169467 0.188895 
G3106-L-SLE_2012  0.069602 0.068279 0.063150 0.066382 0.071959 0.067607 0.066132 0.066445 0.067742 0.066492 0.068946 0.067427 0.066333 0.056472 0.056702 0.057528 0.054790 0.032278 0.032142 0.032581 0.035860 0.034117 0.034078 0.033919 0.032320 0.034368 0.033829 0.031521 0.031670 0.016997 0.015370 0.000001 0.000000 0.038293 0.039658 0.037664 0.034982 0.039497 0.057857 0.059039 0.067889 0.071992 0.072118 0.074256 0.072700 0.072392 0.071061 0.074025 0.070771 0.084397 0.081127 0.081509 0.088278 0.082812 0.087453 0.087798 0.087762 0.087796 0.087966 0.095218 0.091679 0.160295 0.154552 0.166702 0.167373 0.167044 0.169244 0.164198 0.173697 0.159024 0.169180 0.188521 
G1774-L-SLE_2011  0.067744 0.066505 0.064645 0.065355 0.072204 0.066017 0.064716 0.065010 0.066979 0.066189 0.067597 0.067005 0.065260 0.052905 0.054015 0.054396 0.052956 0.037023 0.036414 0.037375 0.039743 0.037936 0.038504 0.037260 0.036249 0.038486 0.038064 0.035491 0.035651 0.039375 0.037358 0.038345 0.038293 0.000000 0.010081 0.021181 0.034142 0.038642 0.056311 0.057078 0.066835 0.069271 0.071669 0.073246 0.072727 0.072351 0.069716 0.072821 0.070195 0.079398 0.080634 0.081109 0.083782 0.083010 0.083213 0.085525 0.084919 0.084909 0.085115 0.090822 0.089957 0.155836 0.150889 0.165130 0.163120 0.163333 0.164602 0.163969 0.167775 0.158042 0.162863 0.184500 
G2222-L-SLE_2011  0.070395 0.067572 0.066719 0.068906 0.073682 0.067152 0.065858 0.066135 0.067760 0.066895 0.068679 0.068099 0.065966 0.054366 0.055656 0.056167 0.054953 0.038496 0.037875 0.039359 0.041855 0.038961 0.040296 0.039347 0.038055 0.040020 0.038761 0.036939 0.036908 0.039745 0.038089 0.039658 0.039658 0.010081 0.000000 0.022266 0.035458 0.040277 0.057829 0.058349 0.067697 0.069677 0.073848 0.074691 0.074808 0.073714 0.071047 0.073135 0.071459 0.080570 0.082188 0.082415 0.085616 0.082697 0.086793 0.088588 0.087855 0.087698 0.087973 0.091300 0.091090 0.157955 0.154292 0.166909 0.167914 0.164673 0.168093 0.165859 0.170084 0.163135 0.162507 0.188942 
LM395-L-SLE_2009  0.069422 0.067893 0.066197 0.068095 0.074651 0.068096 0.066507 0.066783 0.068759 0.067805 0.069492 0.067268 0.065391 0.053726 0.055117 0.056018 0.053493 0.038544 0.038939 0.037671 0.040650 0.039987 0.039434 0.038550 0.036892 0.039982 0.038669 0.037475 0.037620 0.038138 0.037074 0.037703 0.037664 0.021181 0.022266 0.000000 0.033036 0.038515 0.056486 0.056701 0.067190 0.068950 0.071466 0.073765 0.072324 0.071920 0.070926 0.073142 0.069626 0.080285 0.079920 0.079923 0.082455 0.084899 0.084496 0.086313 0.086395 0.086425 0.086593 0.090151 0.087036 0.158114 0.153917 0.165411 0.165397 0.164882 0.167447 0.164603 0.170519 0.160404 0.161929 0.187149 
Josiah-L-SLE_1976 0.050391 0.050677 0.046487 0.049220 0.053713 0.049269 0.047566 0.047847 0.050198 0.048822 0.050727 0.049284 0.046094 0.035139 0.036991 0.038451 0.035677 0.036598 0.036242 0.036297 0.038898 0.037008 0.038200 0.036681 0.035681 0.037941 0.035113 0.034278 0.034183 0.036033 0.035251 0.034758 0.034982 0.034142 0.035458 0.033036 0.000000 0.036363 0.036682 0.039161 0.049323 0.051250 0.053517 0.056619 0.053019 0.054737 0.051811 0.054671 0.054262 0.063400 0.060908 0.060821 0.065231 0.064534 0.067786 0.069756 0.069027 0.068996 0.069179 0.074313 0.070999 0.142101 0.139304 0.154657 0.154047 0.151996 0.156662 0.151599 0.158333 0.143846 0.151317 0.174324 
G692-L-SLE_2009   0.067238 0.069731 0.067847 0.067917 0.073173 0.070550 0.068499 0.069098 0.071020 0.069765 0.071918 0.069170 0.068067 0.055441 0.055715 0.057356 0.055674 0.039485 0.039647 0.039684 0.042322 0.040525 0.041342 0.040165 0.038671 0.041401 0.040008 0.037539 0.037968 0.040442 0.039181 0.039545 0.039497 0.038642 0.040277 0.038515 0.036363 0.000000 0.060174 0.059379 0.071148 0.072298 0.073056 0.076312 0.074840 0.075876 0.072226 0.075428 0.074292 0.080306 0.082426 0.082570 0.085872 0.082782 0.084466 0.088741 0.087783 0.087816 0.087987 0.089941 0.093569 0.153686 0.147385 0.163997 0.162189 0.161989 0.163805 0.160319 0.162139 0.158281 0.163125 0.190242 
G2868-L-SLE_2012  0.071097 0.072547 0.064744 0.068909 0.073924 0.068923 0.068572 0.069179 0.070636 0.069481 0.071537 0.070435 0.067593 0.057979 0.057167 0.061512 0.058254 0.060391 0.059705 0.058073 0.061102 0.058611 0.059796 0.058364 0.057106 0.059414 0.059505 0.057838 0.058062 0.059889 0.055910 0.057932 0.057857 0.056311 0.057829 0.056486 0.036682 0.060174 0.000000 0.047684 0.070151 0.070970 0.074567 0.076403 0.074068 0.074576 0.072190 0.075995 0.075031 0.084426 0.078220 0.080100 0.088420 0.086058 0.088155 0.089777 0.089967 0.089964 0.090177 0.092248 0.090782 0.160043 0.154806 0.170328 0.169463 0.171104 0.174293 0.168553 0.172587 0.157121 0.165775 0.199676 
G808-L-SLE_2010   0.070286 0.075951 0.069526 0.070951 0.077760 0.070066 0.068295 0.068744 0.071260 0.069814 0.072387 0.071675 0.068452 0.056701 0.058332 0.059796 0.056068 0.059548 0.059026 0.059776 0.062204 0.059111 0.061682 0.059522 0.057986 0.059004 0.058249 0.057410 0.057623 0.059675 0.059571 0.059125 0.059039 0.057078 0.058349 0.056701 0.039161 0.059379 0.047684 0.000000 0.075975 0.077329 0.076222 0.079121 0.078547 0.078027 0.075697 0.078610 0.078660 0.082750 0.078859 0.080137 0.087570 0.088216 0.089036 0.089348 0.091156 0.091154 0.091369 0.093726 0.093910 0.156439 0.156176 0.167118 0.170036 0.165422 0.170963 0.166470 0.171674 0.162182 0.168578 0.191371 
G1959-L-SLE_2011  0.065814 0.065302 0.061520 0.060483 0.070648 0.063091 0.061403 0.061432 0.063243 0.062628 0.064858 0.063833 0.062582 0.068895 0.068851 0.072966 0.069761 0.067218 0.067745 0.068798 0.071637 0.070986 0.070141 0.069297 0.068246 0.070218 0.065907 0.066301 0.066839 0.067946 0.067628 0.067979 0.067889 0.066835 0.067697 0.067190 0.049323 0.071148 0.070151 0.075975 0.000000 0.020641 0.069999 0.070264 0.068737 0.068062 0.065020 0.069210 0.067332 0.087813 0.085290 0.084077 0.089236 0.091329 0.088697 0.090391 0.090827 0.090825 0.091039 0.097714 0.093268 0.154252 0.150139 0.174989 0.172242 0.172406 0.174204 0.171661 0.170583 0.159836 0.166401 0.192598 
G3010-L-SLE_2012  0.067234 0.066639 0.063705 0.061229 0.071174 0.063118 0.062011 0.062010 0.064171 0.063095 0.065274 0.063517 0.062227 0.071027 0.070773 0.075529 0.071963 0.072839 0.072042 0.071030 0.073529 0.072219 0.070753 0.071698 0.070274 0.070688 0.070713 0.071430 0.071850 0.072720 0.071885 0.071992 0.071992 0.069271 0.069677 0.068950 0.051250 0.072298 0.070970 0.077329 0.020641 0.000000 0.071265 0.072641 0.069173 0.070132 0.067359 0.070352 0.070248 0.088785 0.085005 0.083837 0.090575 0.089951 0.090973 0.092660 0.093461 0.093632 0.093680 0.100287 0.092585 0.151371 0.146564 0.167391 0.168033 0.168709 0.170487 0.166480 0.170587 0.157692 0.165597 0.192888 
G2165-L-SLE_2011  0.063082 0.062447 0.060011 0.062564 0.067676 0.064583 0.063461 0.063759 0.065101 0.063803 0.065327 0.062524 0.063552 0.072253 0.070930 0.074587 0.073560 0.076596 0.075997 0.071188 0.073093 0.074281 0.074027 0.073830 0.072467 0.073764 0.073660 0.072663 0.072910 0.073716 0.073241 0.072227 0.072118 0.071669 0.073848 0.071466 0.053517 0.073056 0.074567 0.076222 0.069999 0.071265 0.000000 0.021091 0.018824 0.019314 0.017682 0.020153 0.065701 0.088506 0.087040 0.086115 0.088717 0.089537 0.090084 0.091906 0.092303 0.092345 0.092518 0.095313 0.092140 0.154561 0.150862 0.165941 0.165919 0.168809 0.168383 0.163265 0.170103 0.156192 0.164627 0.185375 
G2184-L-SLE_2011  0.067180 0.067068 0.064060 0.064563 0.070407 0.068289 0.067173 0.067443 0.069114 0.067934 0.069313 0.065143 0.066254 0.075056 0.073232 0.077155 0.074464 0.077231 0.077067 0.074905 0.077097 0.076985 0.076601 0.076348 0.075104 0.075945 0.076102 0.074135 0.074539 0.075298 0.075422 0.074219 0.074256 0.073246 0.074691 0.073765 0.056619 0.076312 0.076403 0.079121 0.070264 0.072641 0.021091 0.000000 0.013645 0.014182 0.020365 0.023814 0.069581 0.093195 0.090354 0.088384 0.092157 0.093090 0.094024 0.096123 0.097023 0.097073 0.097252 0.098952 0.095886 0.157710 0.153167 0.170372 0.166828 0.170723 0.172228 0.166281 0.176461 0.162679 0.167771 0.185685 
LM776-L-SLE_2012  0.063927 0.065785 0.061155 0.060240 0.065024 0.064922 0.063783 0.064071 0.065313 0.064851 0.066706 0.062634 0.063471 0.071915 0.069986 0.074800 0.071361 0.077404 0.076088 0.073466 0.075467 0.074747 0.074750 0.074483 0.073465 0.074803 0.074268 0.072996 0.073354 0.073142 0.074346 0.072727 0.072700 0.072727 0.074808 0.072324 0.053019 0.074840 0.074068 0.078547 0.068737 0.069173 0.018824 0.013645 0.000000 0.008910 0.018226 0.020635 0.066420 0.089663 0.087004 0.085587 0.089367 0.087352 0.091348 0.093452 0.093665 0.093520 0.093777 0.093018 0.091836 0.151098 0.147925 0.168312 0.164762 0.166757 0.170473 0.163707 0.171224 0.154388 0.166261 0.186196 
LM774-L-SLE_2012  0.063016 0.064890 0.061901 0.061868 0.068000 0.065196 0.064584 0.065023 0.065814 0.065352 0.066311 0.063491 0.062687 0.070436 0.070685 0.074184 0.071945 0.077397 0.076336 0.073756 0.076026 0.076353 0.075479 0.075286 0.074104 0.075341 0.073713 0.073362 0.073510 0.072778 0.073232 0.072392 0.072392 0.072351 0.073714 0.071920 0.054737 0.075876 0.074576 0.078027 0.068062 0.070132 0.019314 0.014182 0.008910 0.000000 0.018890 0.021778 0.066080 0.090113 0.085456 0.084440 0.090059 0.089179 0.092122 0.093864 0.094680 0.094800 0.094777 0.097781 0.094051 0.152219 0.150814 0.167700 0.163485 0.168277 0.168963 0.164940 0.168070 0.155895 0.165426 0.181335 
LM222-L-SLE_2010  0.061129 0.061272 0.055797 0.058900 0.061624 0.062283 0.061045 0.061323 0.062648 0.061767 0.062881 0.061421 0.061026 0.069620 0.068542 0.072835 0.071296 0.075016 0.074377 0.072376 0.074743 0.075256 0.073482 0.073962 0.072529 0.075245 0.071443 0.070776 0.070949 0.071666 0.071510 0.071126 0.071061 0.069716 0.071047 0.070926 0.051811 0.072226 0.072190 0.075697 0.065020 0.067359 0.017682 0.020365 0.018226 0.018890 0.000000 0.014239 0.064400 0.087677 0.085045 0.083994 0.088030 0.085941 0.088556 0.090760 0.091042 0.090969 0.091165 0.090567 0.087950 0.151405 0.147934 0.167360 0.165560 0.167286 0.170254 0.162491 0.170122 0.156783 0.168681 0.184658 
LM778-L-SLE_2012  0.064179 0.064673 0.059471 0.061350 0.069068 0.066973 0.066351 0.066507 0.067908 0.066969 0.068235 0.066651 0.064870 0.071432 0.069575 0.075330 0.074165 0.076367 0.075831 0.073009 0.075346 0.075135 0.075576 0.074581 0.073131 0.075912 0.075398 0.074930 0.075015 0.072776 0.072757 0.074025 0.074025 0.072821 0.073135 0.073142 0.054671 0.075428 0.075995 0.078610 0.069210 0.070352 0.020153 0.023814 0.020635 0.021778 0.014239 0.000000 0.066442 0.089447 0.088337 0.086280 0.090283 0.091429 0.091215 0.093024 0.092571 0.092686 0.092663 0.094191 0.090200 0.156085 0.151143 0.166088 0.166622 0.167214 0.170448 0.163059 0.175857 0.163199 0.170829 0.187641 
G2318-L-SLE_2012  0.065613 0.064869 0.061567 0.060998 0.066757 0.067079 0.065958 0.065660 0.068878 0.067723 0.069729 0.065725 0.065050 0.069378 0.068827 0.074026 0.071348 0.071737 0.071832 0.073678 0.075954 0.073841 0.075053 0.071946 0.071427 0.073602 0.073268 0.071744 0.071652 0.072099 0.072658 0.070863 0.070771 0.070195 0.071459 0.069626 0.054262 0.074292 0.075031 0.078660 0.067332 0.070248 0.065701 0.069581 0.066420 0.066080 0.064400 0.066442 0.000000 0.088715 0.086895 0.085973 0.090319 0.089360 0.092784 0.094976 0.096219 0.095981 0.096447 0.100314 0.095188 0.159844 0.154102 0.173547 0.173073 0.173084 0.176517 0.173331 0.171673 0.165194 0.165278 0.193758 
G733-L-SLE_2010   0.086498 0.087312 0.081877 0.082789 0.089745 0.084209 0.083274 0.083245 0.085605 0.084007 0.086835 0.084427 0.080357 0.083696 0.084025 0.084576 0.084526 0.079993 0.081068 0.084254 0.086332 0.083764 0.084836 0.083059 0.082223 0.084264 0.081806 0.079264 0.079526 0.082742 0.081027 0.084530 0.084397 0.079398 0.080570 0.080285 0.063400 0.080306 0.084426 0.082750 0.087813 0.088785 0.088506 0.093195 0.089663 0.090113 0.087677 0.089447 0.088715 0.000000 0.042972 0.041350 0.042510 0.080930 0.077724 0.082329 0.082104 0.081873 0.082291 0.083884 0.089860 0.148128 0.144262 0.158457 0.160373 0.160054 0.162983 0.154777 0.168363 0.160883 0.161819 0.187140 
G1618-L-SLE_2011  0.083058 0.083611 0.075498 0.081325 0.087986 0.081191 0.080538 0.080528 0.082750 0.081227 0.083327 0.083854 0.079372 0.081171 0.081055 0.083107 0.081306 0.082668 0.083151 0.083263 0.085591 0.083211 0.084919 0.082914 0.082025 0.083425 0.082284 0.081829 0.082003 0.080613 0.078269 0.081191 0.081127 0.080634 0.082188 0.079920 0.060908 0.082426 0.078220 0.078859 0.085290 0.085005 0.087040 0.090354 0.087004 0.085456 0.085045 0.088337 0.086895 0.042972 0.000000 0.009982 0.040364 0.083260 0.074952 0.077874 0.077425 0.077246 0.077603 0.079639 0.085767 0.145012 0.140347 0.157709 0.159174 0.156911 0.161810 0.157485 0.162125 0.158291 0.161287 0.181859 
G1646-L-SLE_2011  0.083118 0.083541 0.078037 0.082040 0.088581 0.081768 0.080852 0.080540 0.082807 0.081443 0.083886 0.083186 0.078853 0.081941 0.081966 0.083372 0.081815 0.083376 0.083695 0.083557 0.085498 0.083273 0.085832 0.083519 0.082644 0.083599 0.081440 0.081913 0.082020 0.079933 0.078506 0.081509 0.081509 0.081109 0.082415 0.079923 0.060821 0.082570 0.080100 0.080137 0.084077 0.083837 0.086115 0.088384 0.085587 0.084440 0.083994 0.086280 0.085973 0.041350 0.009982 0.000000 0.040152 0.082075 0.074791 0.077543 0.077106 0.076914 0.077280 0.078503 0.086659 0.145736 0.143865 0.157105 0.157933 0.157943 0.162336 0.156778 0.166460 0.158463 0.159345 0.181392 
G2554-L-SLE_2012  0.088208 0.088232 0.083721 0.084725 0.093025 0.082292 0.080804 0.080855 0.083125 0.081727 0.084481 0.083208 0.079955 0.084820 0.085180 0.084986 0.084846 0.085247 0.085279 0.087726 0.089660 0.086480 0.089540 0.086636 0.085867 0.088727 0.083556 0.084073 0.084391 0.087582 0.085730 0.088262 0.088278 0.083782 0.085616 0.082455 0.065231 0.085872 0.088420 0.087570 0.089236 0.090575 0.088717 0.092157 0.089367 0.090059 0.088030 0.090283 0.090319 0.042510 0.040364 0.040152 0.000000 0.085863 0.080223 0.083581 0.082805 0.082744 0.082900 0.085586 0.092306 0.151415 0.147198 0.167146 0.166060 0.164798 0.168632 0.163887 0.175677 0.164252 0.169691 0.190958 
NL-L-SLE_2000     0.083538 0.084878 0.078215 0.082105 0.087637 0.083127 0.081997 0.082301 0.085808 0.084699 0.086750 0.086015 0.081552 0.082987 0.082748 0.084733 0.084131 0.084479 0.084774 0.083880 0.086659 0.081458 0.086510 0.083616 0.082928 0.084300 0.081003 0.081489 0.081406 0.084664 0.083257 0.082812 0.082812 0.083010 0.082697 0.084899 0.064534 0.082782 0.086058 0.088216 0.091329 0.089951 0.089537 0.093090 0.087352 0.089179 0.085941 0.091429 0.089360 0.080930 0.083260 0.082075 0.085863 0.000000 0.083265 0.086328 0.088005 0.087905 0.088021 0.087033 0.091050 0.158028 0.156486 0.169752 0.168414 0.167884 0.170522 0.165340 0.172103 0.162690 0.170065 0.190276 
G2392-L-SLE_2012  0.087225 0.089915 0.086082 0.084260 0.094246 0.088014 0.086615 0.086853 0.088635 0.086938 0.089248 0.088868 0.083752 0.086422 0.088056 0.086762 0.086809 0.084541 0.084398 0.085391 0.088306 0.087440 0.089061 0.086111 0.084948 0.087722 0.085325 0.086528 0.086786 0.086239 0.085346 0.087575 0.087453 0.083213 0.086793 0.084496 0.067786 0.084466 0.088155 0.089036 0.088697 0.090973 0.090084 0.094024 0.091348 0.092122 0.088556 0.091215 0.092784 0.077724 0.074952 0.074791 0.080223 0.083265 0.000000 0.012050 0.013837 0.013746 0.013863 0.055885 0.096828 0.162218 0.156939 0.174664 0.173365 0.176645 0.175975 0.166844 0.173029 0.167452 0.173104 0.195244 
G3229-L-SLE_2012  0.088986 0.093224 0.088922 0.085664 0.095750 0.089435 0.088073 0.088260 0.089680 0.088393 0.090680 0.089399 0.085672 0.089251 0.090511 0.088359 0.088720 0.086588 0.085979 0.087444 0.090140 0.088893 0.090862 0.087878 0.086668 0.089005 0.087178 0.087650 0.087982 0.087358 0.086345 0.087861 0.087798 0.085525 0.088588 0.086313 0.069756 0.088741 0.089777 0.089348 0.090391 0.092660 0.091906 0.096123 0.093452 0.093864 0.090760 0.093024 0.094976 0.082329 0.077874 0.077543 0.083581 0.086328 0.012050 0.000000 0.013192 0.013100 0.013217 0.056156 0.098605 0.165321 0.159460 0.177153 0.175925 0.178947 0.177683 0.170834 0.177170 0.170207 0.178650 0.200101 
G3151-L-SLE_2012  0.089944 0.092282 0.089407 0.087030 0.095528 0.090522 0.089161 0.089651 0.091097 0.089954 0.092209 0.089452 0.086206 0.089448 0.090723 0.088123 0.089072 0.085566 0.085117 0.087009 0.089513 0.089008 0.090719 0.088723 0.087502 0.088904 0.089013 0.088199 0.088321 0.088018 0.086516 0.087762 0.087762 0.084919 0.087855 0.086395 0.069027 0.087783 0.089967 0.091156 0.090827 0.093461 0.092303 0.097023 0.093665 0.094680 0.091042 0.092571 0.096219 0.082104 0.077425 0.077106 0.082805 0.088005 0.013837 0.013192 0.000000 0.000001 0.000001 0.056371 0.100289 0.163759 0.159856 0.176172 0.174831 0.177730 0.176962 0.170336 0.176777 0.172022 0.179232 0.198116 
G3170-L-SLE_2012  0.089940 0.092281 0.089403 0.087142 0.094809 0.090519 0.089156 0.089646 0.091196 0.090117 0.092208 0.089488 0.086197 0.089278 0.090676 0.088232 0.089233 0.085595 0.085083 0.086888 0.089550 0.089062 0.090758 0.088758 0.087535 0.089022 0.089008 0.088233 0.088355 0.088051 0.086559 0.087796 0.087796 0.084909 0.087698 0.086425 0.068996 0.087816 0.089964 0.091154 0.090825 0.093632 0.092345 0.097073 0.093520 0.094800 0.090969 0.092686 0.095981 0.081873 0.077246 0.076914 0.082744 0.087905 0.013746 0.013100 0.000001 0.000000 0.000001 0.056371 0.100315 0.164004 0.159856 0.176340 0.174965 0.177730 0.177192 0.170336 0.176913 0.172121 0.179374 0.198292 
G3248-L-SLE_2012  0.090154 0.092500 0.089614 0.087120 0.095029 0.090733 0.089367 0.089859 0.091294 0.090163 0.092425 0.089555 0.086404 0.089656 0.090815 0.088210 0.089279 0.085763 0.085298 0.087210 0.089722 0.089130 0.090932 0.088929 0.087705 0.089067 0.089220 0.088403 0.088327 0.088222 0.086275 0.087966 0.087966 0.085115 0.087973 0.086593 0.069179 0.087987 0.090177 0.091369 0.091039 0.093680 0.092518 0.097252 0.093777 0.094777 0.091165 0.092663 0.096447 0.082291 0.077603 0.077280 0.082900 0.088021 0.013863 0.013217 0.000001 0.000001 0.000000 0.056371 0.100409 0.164173 0.159856 0.176425 0.175325 0.177730 0.177464 0.170336 0.177276 0.172476 0.179744 0.198698 
