49
KF186564_2013-05-01 0.000000 0.000005 0.000002 0.000002 0.000119 0.000220 0.000113 0.000002 0.000133 0.000083 0.000011 0.000008 0.000008 0.000002 0.000014 0.000002 0.000056 0.000219 0.000005 0.000095 0.000119 0.000211 0.000119 0.000160 0.000208 0.000208 0.000163 0.000206 0.000121 0.000121 0.000121 0.000196 0.000187 0.000190 0.000169 0.000119 0.000182 0.000179 0.000195 0.000183 0.000182 0.000182 0.000180 0.000188 0.000232 0.000232 0.000238 0.000247 0.000250 
KF186566_2013-04-21 0.000005 0.000000 0.000001 0.000005 0.000119 0.000220 0.000116 0.000002 0.000133 0.000083 0.000011 0.000008 0.000008 0.000005 0.000014 0.000001 0.000056 0.000221 0.000008 0.000098 0.000122 0.000214 0.000122 0.000163 0.000211 0.000211 0.000166 0.000209 0.000121 0.000121 0.000121 0.000196 0.000187 0.000190 0.000169 0.000118 0.000182 0.000179 0.000195 0.000183 0.000182 0.000185 0.000180 0.000191 0.000231 0.000231 0.000238 0.000246 0.000249 
KF186567_2013-05-09 0.000002 0.000001 0.000000 0.000002 0.000116 0.000217 0.000113 0.000001 0.000130 0.000080 0.000008 0.000005 0.000005 0.000002 0.000011 0.000001 0.000053 0.000218 0.000005 0.000095 0.000119 0.000211 0.000119 0.000160 0.000208 0.000208 0.000163 0.000206 0.000118 0.000118 0.000118 0.000193 0.000184 0.000187 0.000166 0.000115 0.000179 0.000176 0.000192 0.000180 0.000179 0.000182 0.000177 0.000188 0.000228 0.000228 0.000234 0.000243 0.000246 
KF186565_2013-04-22 0.000002 0.000005 0.000002 0.000000 0.000119 0.000217 0.000116 0.000002 0.000130 0.000083 0.000011 0.000005 0.000008 0.000005 0.000014 0.000001 0.000056 0.000216 0.000005 0.000098 0.000122 0.000214 0.000122 0.000163 0.000211 0.000211 0.000163 0.000209 0.000122 0.000122 0.000122 0.000196 0.000187 0.000190 0.000166 0.000119 0.000179 0.000176 0.000192 0.000180 0.000179 0.000182 0.000177 0.000188 0.000232 0.000232 0.000238 0.000247 0.000250 
KF600612_2012-10-23 0.000119 0.000119 0.000116 0.000119 0.000000 0.000160 0.000002 0.000116 0.000139 0.000089 0.000125 0.000122 0.000122 0.000113 0.000128 0.000116 0.000074 0.000159 0.000122 0.000145 0.000128 0.000154 0.000128 0.000151 0.000151 0.000151 0.000107 0.000143 0.000128 0.000128 0.000128 0.000154 0.000151 0.000178 0.000157 0.000125 0.000140 0.000137 0.000147 0.000141 0.000140 0.000137 0.000138 0.000191 0.000184 0.000184 0.000220 0.000229 0.000232 
KF600613_2013-02-05 0.000220 0.000220 0.000217 0.000217 0.000160 0.000000 0.000157 0.000217 0.000199 0.000190 0.000226 0.000223 0.000223 0.000214 0.000229 0.000217 0.000175 0.000105 0.000223 0.000229 0.000205 0.000101 0.000205 0.000205 0.000092 0.000098 0.000101 0.000095 0.000229 0.000229 0.000229 0.000160 0.000157 0.000190 0.000163 0.000220 0.000146 0.000143 0.000162 0.000150 0.000146 0.000149 0.000147 0.000251 0.000202 0.000202 0.000256 0.000265 0.000268 
KF600620_2012-06-19 0.000113 0.000116 0.000113 0.000116 0.000002 0.000157 0.000000 0.000113 0.000137 0.000086 0.000122 0.000119 0.000119 0.000110 0.000125 0.000113 0.000071 0.000156 0.000119 0.000142 0.000125 0.000151 0.000125 0.000148 0.000148 0.000148 0.000104 0.000143 0.000125 0.000125 0.000125 0.000151 0.000148 0.000175 0.000154 0.000122 0.000137 0.000134 0.000144 0.000138 0.000137 0.000137 0.000135 0.000191 0.000181 0.000181 0.000217 0.000226 0.000229 
KF600627_2013-05-07 0.000002 0.000002 0.000001 0.000002 0.000116 0.000217 0.000113 0.000000 0.000130 0.000080 0.000008 0.000005 0.000005 0.000002 0.000011 0.000001 0.000053 0.000216 0.000005 0.000095 0.000119 0.000211 0.000119 0.000160 0.000208 0.000208 0.000163 0.000206 0.000119 0.000119 0.000119 0.000193 0.000184 0.000187 0.000166 0.000116 0.000179 0.000176 0.000192 0.000180 0.000179 0.000182 0.000177 0.000188 0.000229 0.000229 0.000235 0.000244 0.000247 
KF600628_2013-06-04 0.000133 0.000133 0.000130 0.000130 0.000139 0.000199 0.000137 0.000130 0.000000 0.000122 0.000139 0.000136 0.000136 0.000128 0.000142 0.000130 0.000095 0.000200 0.000136 0.000148 0.000062 0.000193 0.000059 0.000056 0.000190 0.000190 0.000139 0.000185 0.000160 0.000160 0.000160 0.000169 0.000160 0.000181 0.000172 0.000151 0.000155 0.000152 0.000171 0.000159 0.000155 0.000158 0.000156 0.000134 0.000205 0.000205 0.000148 0.000154 0.000157 
KF600630_2013-05-13 0.000083 0.000083 0.000080 0.000083 0.000089 0.000190 0.000086 0.000080 0.000122 0.000000 0.000089 0.000086 0.000086 0.000077 0.000092 0.000080 0.000038 0.000185 0.000086 0.000104 0.000098 0.000184 0.000098 0.000139 0.000181 0.000181 0.000136 0.000176 0.000080 0.000080 0.000080 0.000160 0.000157 0.000154 0.000139 0.000083 0.000143 0.000140 0.000156 0.000144 0.000143 0.000143 0.000141 0.000161 0.000202 0.000202 0.000226 0.000235 0.000238 
KF600632_2013-05-23 0.000011 0.000011 0.000008 0.000011 0.000125 0.000226 0.000122 0.000008 0.000139 0.000089 0.000000 0.000014 0.000014 0.000011 0.000014 0.000008 0.000062 0.000227 0.000014 0.000104 0.000128 0.000220 0.000128 0.000169 0.000217 0.000211 0.000172 0.000215 0.000127 0.000127 0.000127 0.000196 0.000187 0.000196 0.000175 0.000124 0.000182 0.000179 0.000195 0.000183 0.000182 0.000185 0.000180 0.000197 0.000237 0.000237 0.000244 0.000252 0.000255 
KF600634_2013-05-30 0.000008 0.000008 0.000005 0.000005 0.000122 0.000223 0.000119 0.000005 0.000136 0.000086 0.000014 0.000000 0.000011 0.000008 0.000017 0.000005 0.000059 0.000222 0.000011 0.000101 0.000125 0.000217 0.000125 0.000166 0.000214 0.000214 0.000169 0.000212 0.000125 0.000125 0.000125 0.000199 0.000190 0.000193 0.000172 0.000122 0.000185 0.000182 0.000198 0.000186 0.000185 0.000188 0.000183 0.000194 0.000235 0.000235 0.000241 0.000250 0.000253 
KF600644_2013-05-12 0.000008 0.000008 0.000005 0.000008 0.000122 0.000223 0.000119 0.000005 0.000136 0.000086 0.000014 0.000011 0.000000 0.000008 0.000017 0.000005 0.000059 0.000222 0.000011 0.000101 0.000125 0.000217 0.000125 0.000166 0.000214 0.000214 0.000169 0.000212 0.000125 0.000125 0.000125 0.000199 0.000190 0.000193 0.000172 0.000122 0.000185 0.000182 0.000198 0.000186 0.000185 0.000188 0.000183 0.000194 0.000235 0.000235 0.000241 0.000250 0.000253 
KF600645_2013-05-11 0.000002 0.000005 0.000002 0.000005 0.000113 0.000214 0.000110 0.000002 0.000128 0.000077 0.000011 0.000008 0.000008 0.000000 0.000014 0.000002 0.000050 0.000213 0.000008 0.000095 0.000116 0.000208 0.000116 0.000157 0.000205 0.000205 0.000160 0.000203 0.000116 0.000116 0.000116 0.000190 0.000181 0.000184 0.000163 0.000113 0.000176 0.000173 0.000189 0.000177 0.000176 0.000179 0.000174 0.000185 0.000226 0.000226 0.000232 0.000241 0.000244 
KF600647_2013-05-15 0.000014 0.000014 0.000011 0.000014 0.000128 0.000229 0.000125 0.000011 0.000142 0.000092 0.000014 0.000017 0.000017 0.000014 0.000000 0.000011 0.000065 0.000230 0.000017 0.000107 0.000130 0.000223 0.000130 0.000172 0.000220 0.000214 0.000175 0.000218 0.000130 0.000130 0.000130 0.000205 0.000196 0.000199 0.000178 0.000127 0.000191 0.000188 0.000204 0.000192 0.000191 0.000194 0.000189 0.000200 0.000240 0.000240 0.000246 0.000255 0.000258 
KF600651_2013-05-23 0.000002 0.000001 0.000001 0.000001 0.000116 0.000217 0.000113 0.000001 0.000130 0.000080 0.000008 0.000005 0.000005 0.000002 0.000011 0.000000 0.000053 0.000218 0.000005 0.000095 0.000119 0.000211 0.000119 0.000160 0.000208 0.000208 0.000163 0.000206 0.000118 0.000118 0.000118 0.000193 0.000184 0.000187 0.000166 0.000115 0.000179 0.000176 0.000192 0.000180 0.000179 0.000182 0.000177 0.000188 0.000229 0.000229 0.000235 0.000243 0.000246 
KF600652_2012-10-30 0.000056 0.000056 0.000053 0.000056 0.000074 0.000175 0.000071 0.000053 0.000095 0.000038 0.000062 0.000059 0.000059 0.000050 0.000065 0.000053 0.000000 0.000173 0.000059 0.000083 0.000083 0.000169 0.000083 0.000125 0.000166 0.000166 0.000122 0.000164 0.000077 0.000077 0.000077 0.000151 0.000142 0.000145 0.000125 0.000074 0.000137 0.000134 0.000150 0.000137 0.000137 0.000140 0.000134 0.000152 0.000187 0.000187 0.000199 0.000208 0.000211 
KF958702_2013-11-05 0.000219 0.000221 0.000218 0.000216 0.000159 0.000105 0.000156 0.000216 0.000200 0.000185 0.000227 0.000222 0.000222 0.000213 0.000230 0.000218 0.000173 0.000000 0.000222 0.000225 0.000204 0.000075 0.000204 0.000204 0.000060 0.000042 0.000093 0.000008 0.000230 0.000230 0.000230 0.000143 0.000143 0.000182 0.000152 0.000215 0.000143 0.000140 0.000153 0.000147 0.000143 0.000147 0.000144 0.000249 0.000191 0.000191 0.000252 0.000260 0.000264 
KJ156866_2013-05-02 0.000005 0.000008 0.000005 0.000005 0.000122 0.000223 0.000119 0.000005 0.000136 0.000086 0.000014 0.000011 0.000011 0.000008 0.000017 0.000005 0.000059 0.000222 0.000000 0.000101 0.000125 0.000217 0.000125 0.000166 0.000214 0.000214 0.000169 0.000212 0.000125 0.000125 0.000125 0.000199 0.000190 0.000193 0.000172 0.000122 0.000185 0.000182 0.000198 0.000186 0.000185 0.000188 0.000183 0.000194 0.000235 0.000235 0.000241 0.000250 0.000253 
KJ156869_2013-07-17 0.000095 0.000098 0.000095 0.000098 0.000145 0.000229 0.000142 0.000095 0.000148 0.000104 0.000104 0.000101 0.000101 0.000095 0.000107 0.000095 0.000083 0.000225 0.000101 0.000000 0.000148 0.000223 0.000148 0.000172 0.000220 0.000220 0.000175 0.000218 0.000148 0.000148 0.000148 0.000205 0.000196 0.000199 0.000178 0.000145 0.000188 0.000185 0.000201 0.000189 0.000188 0.000191 0.000186 0.000197 0.000241 0.000241 0.000247 0.000262 0.000265 
KJ156874_2013-08-28 0.000119 0.000122 0.000119 0.000122 0.000128 0.000205 0.000125 0.000119 0.000062 0.000098 0.000128 0.000125 0.000125 0.000116 0.000130 0.000119 0.000083 0.000204 0.000125 0.000148 0.000000 0.000199 0.000001 0.000107 0.000196 0.000196 0.000145 0.000194 0.000142 0.000142 0.000142 0.000175 0.000166 0.000187 0.000172 0.000133 0.000149 0.000146 0.000162 0.000150 0.000149 0.000152 0.000147 0.000155 0.000211 0.000211 0.000202 0.000211 0.000214 
KJ156881_2013-06-12 0.000211 0.000214 0.000211 0.000214 0.000154 0.000101 0.000151 0.000211 0.000193 0.000184 0.000220 0.000217 0.000217 0.000208 0.000223 0.000211 0.000169 0.000075 0.000217 0.000223 0.000199 0.000000 0.000199 0.000199 0.000074 0.000068 0.000089 0.000065 0.000223 0.000223 0.000223 0.000148 0.000145 0.000178 0.000151 0.000208 0.000146 0.000143 0.000156 0.000150 0.000146 0.000149 0.000147 0.000245 0.000190 0.000190 0.000244 0.000253 0.000256 
KJ156910_2013-08-05 0.000119 0.000122 0.000119 0.000122 0.000128 0.000205 0.000125 0.000119 0.000059 0.000098 0.000128 0.000125 0.000125 0.000116 0.000130 0.000119 0.000083 0.000204 0.000125 0.000148 0.000001 0.000199 0.000000 0.000107 0.000196 0.000196 0.000145 0.000194 0.000142 0.000142 0.000142 0.000175 0.000166 0.000187 0.000172 0.000133 0.000149 0.000146 0.000162 0.000150 0.000149 0.000152 0.000147 0.000155 0.000211 0.000211 0.000199 0.000208 0.000211 
KJ156934_2013-08-15 0.000160 0.000163 0.000160 0.000163 0.000151 0.000205 0.000148 0.000160 0.000056 0.000139 0.000169 0.000166 0.000166 0.000157 0.000172 0.000160 0.000125 0.000204 0.000166 0.000172 0.000107 0.000199 0.000107 0.000000 0.000196 0.000196 0.000151 0.000191 0.000178 0.000178 0.000178 0.000181 0.000178 0.000199 0.000190 0.000169 0.000167 0.000164 0.000183 0.000171 0.000167 0.000170 0.000168 0.000158 0.000217 0.000217 0.000175 0.000181 0.000184 
KJ156944_2013-07-02 0.000208 0.000211 0.000208 0.000211 0.000151 0.000092 0.000148 0.000208 0.000190 0.000181 0.000217 0.000214 0.000214 0.000205 0.000220 0.000208 0.000166 0.000060 0.000214 0.000220 0.000196 0.000074 0.000196 0.000196 0.000000 0.000065 0.000086 0.000051 0.000220 0.000220 0.000220 0.000128 0.000125 0.000169 0.000131 0.000205 0.000131 0.000128 0.000141 0.000135 0.000131 0.000134 0.000132 0.000242 0.000169 0.000169 0.000241 0.000250 0.000253 
KJ156949_2013-06-12 0.000208 0.000211 0.000208 0.000211 0.000151 0.000098 0.000148 0.000208 0.000190 0.000181 0.000211 0.000214 0.000214 0.000205 0.000214 0.000208 0.000166 0.000042 0.000214 0.000220 0.000196 0.000068 0.000196 0.000196 0.000065 0.000000 0.000086 0.000039 0.000220 0.000220 0.000220 0.000145 0.000142 0.000175 0.000142 0.000199 0.000143 0.000140 0.000153 0.000147 0.000143 0.000146 0.000144 0.000242 0.000187 0.000187 0.000247 0.000256 0.000259 
KJ156952_2013-03-01 0.000163 0.000166 0.000163 0.000163 0.000107 0.000101 0.000104 0.000163 0.000139 0.000136 0.000172 0.000169 0.000169 0.000160 0.000175 0.000163 0.000122 0.000093 0.000169 0.000175 0.000145 0.000089 0.000145 0.000151 0.000086 0.000086 0.000000 0.000083 0.000175 0.000175 0.000175 0.000131 0.000128 0.000154 0.000134 0.000166 0.000122 0.000119 0.000138 0.000126 0.000122 0.000125 0.000123 0.000197 0.000172 0.000172 0.000226 0.000235 0.000238 
KJ556336_2013-11-06 0.000206 0.000209 0.000206 0.000209 0.000143 0.000095 0.000143 0.000206 0.000185 0.000176 0.000215 0.000212 0.000212 0.000203 0.000218 0.000206 0.000164 0.000008 0.000212 0.000218 0.000194 0.000065 0.000194 0.000191 0.000051 0.000039 0.000083 0.000000 0.000218 0.000218 0.000218 0.000137 0.000134 0.000173 0.000140 0.000203 0.000135 0.000132 0.000145 0.000138 0.000135 0.000138 0.000135 0.000240 0.000179 0.000179 0.000239 0.000245 0.000248 
KJ650295_2013-12-30 0.000121 0.000121 0.000118 0.000122 0.000128 0.000229 0.000125 0.000119 0.000160 0.000080 0.000127 0.000125 0.000125 0.000116 0.000130 0.000118 0.000077 0.000230 0.000125 0.000148 0.000142 0.000223 0.000142 0.000178 0.000220 0.000220 0.000175 0.000218 0.000000 0.000001 0.000001 0.000199 0.000190 0.000181 0.000178 0.000098 0.000185 0.000182 0.000198 0.000186 0.000185 0.000188 0.000183 0.000206 0.000234 0.000234 0.000264 0.000273 0.000276 
KJ650296_2013-12-30 0.000121 0.000121 0.000118 0.000122 0.000128 0.000229 0.000125 0.000119 0.000160 0.000080 0.000127 0.000125 0.000125 0.000116 0.000130 0.000118 0.000077 0.000230 0.000125 0.000148 0.000142 0.000223 0.000142 0.000178 0.000220 0.000220 0.000175 0.000218 0.000001 0.000000 0.000001 0.000199 0.000190 0.000181 0.000178 0.000098 0.000185 0.000182 0.000198 0.000186 0.000185 0.000188 0.000183 0.000206 0.000234 0.000234 0.000264 0.000273 0.000276 
KJ650297_2013-11-30 0.000121 0.000121 0.000118 0.000122 0.000128 0.000229 0.000125 0.000119 0.000160 0.000080 0.000127 0.000125 0.000125 0.000116 0.000130 0.000118 0.000077 0.000230 0.000125 0.000148 0.000142 0.000223 0.000142 0.000178 0.000220 0.000220 0.000175 0.000218 0.000001 0.000001 0.000000 0.000199 0.000190 0.000181 0.000178 0.000098 0.000185 0.000182 0.000198 0.000186 0.000185 0.000188 0.000183 0.000206 0.000234 0.000234 0.000264 0.000273 0.000276 
KJ713295_2013-11    0.000196 0.000196 0.000193 0.000196 0.000154 0.000160 0.000151 0.000193 0.000169 0.000160 0.000196 0.000199 0.000199 0.000190 0.000205 0.000193 0.000151 0.000143 0.000199 0.000205 0.000175 0.000148 0.000175 0.000181 0.000128 0.000145 0.000131 0.000137 0.000199 0.000199 0.000199 0.000000 0.000032 0.000101 0.000113 0.000190 0.000051 0.000048 0.000060 0.000054 0.000051 0.000054 0.000051 0.000215 0.000077 0.000077 0.000208 0.000217 0.000220 
KJ713296_2013-11    0.000187 0.000187 0.000184 0.000187 0.000151 0.000157 0.000148 0.000184 0.000160 0.000157 0.000187 0.000190 0.000190 0.000181 0.000196 0.000184 0.000142 0.000143 0.000190 0.000196 0.000166 0.000145 0.000166 0.000178 0.000125 0.000142 0.000128 0.000134 0.000190 0.000190 0.000190 0.000032 0.000000 0.000098 0.000107 0.000181 0.000051 0.000048 0.000060 0.000054 0.000051 0.000054 0.000051 0.000209 0.000092 0.000092 0.000211 0.000220 0.000223 
KJ713297_2013-11    0.000190 0.000190 0.000187 0.000190 0.000178 0.000190 0.000175 0.000187 0.000181 0.000154 0.000196 0.000193 0.000193 0.000184 0.000199 0.000187 0.000145 0.000182 0.000193 0.000199 0.000187 0.000178 0.000187 0.000199 0.000169 0.000175 0.000154 0.000173 0.000181 0.000181 0.000181 0.000101 0.000098 0.000000 0.000127 0.000178 0.000101 0.000098 0.000111 0.000105 0.000101 0.000104 0.000102 0.000224 0.000142 0.000142 0.000232 0.000240 0.000243 
KJ713298_2013-11    0.000169 0.000169 0.000166 0.000166 0.000157 0.000163 0.000154 0.000166 0.000172 0.000139 0.000175 0.000172 0.000172 0.000163 0.000178 0.000166 0.000125 0.000152 0.000172 0.000178 0.000172 0.000151 0.000172 0.000190 0.000131 0.000142 0.000134 0.000140 0.000178 0.000178 0.000178 0.000113 0.000107 0.000127 0.000000 0.000151 0.000125 0.000122 0.000132 0.000126 0.000125 0.000128 0.000123 0.000218 0.000151 0.000151 0.000253 0.000261 0.000264 
KJ713299_2013-11    0.000119 0.000118 0.000115 0.000119 0.000125 0.000220 0.000122 0.000116 0.000151 0.000083 0.000124 0.000122 0.000122 0.000113 0.000127 0.000115 0.000074 0.000215 0.000122 0.000145 0.000133 0.000208 0.000133 0.000169 0.000205 0.000199 0.000166 0.000203 0.000098 0.000098 0.000098 0.000190 0.000181 0.000178 0.000151 0.000000 0.000182 0.000179 0.000189 0.000183 0.000182 0.000185 0.000180 0.000197 0.000226 0.000226 0.000255 0.000264 0.000267 
KM027255_2014-04-05 0.000182 0.000182 0.000179 0.000179 0.000140 0.000146 0.000137 0.000179 0.000155 0.000143 0.000182 0.000185 0.000185 0.000176 0.000191 0.000179 0.000137 0.000143 0.000185 0.000188 0.000149 0.000146 0.000149 0.000167 0.000131 0.000143 0.000122 0.000135 0.000185 0.000185 0.000185 0.000051 0.000051 0.000101 0.000125 0.000182 0.000000 0.000002 0.000020 0.000008 0.000005 0.000008 0.000001 0.000206 0.000110 0.000110 0.000194 0.000203 0.000206 
KM027256_2014-04-03 0.000179 0.000179 0.000176 0.000176 0.000137 0.000143 0.000134 0.000176 0.000152 0.000140 0.000179 0.000182 0.000182 0.000173 0.000188 0.000176 0.000134 0.000140 0.000182 0.000185 0.000146 0.000143 0.000146 0.000164 0.000128 0.000140 0.000119 0.000132 0.000182 0.000182 0.000182 0.000048 0.000048 0.000098 0.000122 0.000179 0.000002 0.000000 0.000017 0.000005 0.000002 0.000005 0.000002 0.000203 0.000107 0.000107 0.000191 0.000200 0.000203 
KM027257_2014-04-07 0.000195 0.000195 0.000192 0.000192 0.000147 0.000162 0.000144 0.000192 0.000171 0.000156 0.000195 0.000198 0.000198 0.000189 0.000204 0.000192 0.000150 0.000153 0.000198 0.000201 0.000162 0.000156 0.000162 0.000183 0.000141 0.000153 0.000138 0.000145 0.000198 0.000198 0.000198 0.000060 0.000060 0.000111 0.000132 0.000189 0.000020 0.000017 0.000000 0.000023 0.000020 0.000023 0.000020 0.000222 0.000120 0.000120 0.000210 0.000219 0.000222 
KM027258_2014-04-12 0.000183 0.000183 0.000180 0.000180 0.000141 0.000150 0.000138 0.000180 0.000159 0.000144 0.000183 0.000186 0.000186 0.000177 0.000192 0.000180 0.000137 0.000147 0.000186 0.000189 0.000150 0.000150 0.000150 0.000171 0.000135 0.000147 0.000126 0.000138 0.000186 0.000186 0.000186 0.000054 0.000054 0.000105 0.000126 0.000183 0.000008 0.000005 0.000023 0.000000 0.000008 0.000011 0.000008 0.000210 0.000114 0.000114 0.000198 0.000207 0.000210 
KM027259_2014-04-14 0.000182 0.000182 0.000179 0.000179 0.000140 0.000146 0.000137 0.000179 0.000155 0.000143 0.000182 0.000185 0.000185 0.000176 0.000191 0.000179 0.000137 0.000143 0.000185 0.000188 0.000149 0.000146 0.000149 0.000167 0.000131 0.000143 0.000122 0.000135 0.000185 0.000185 0.000185 0.000051 0.000051 0.000101 0.000125 0.000182 0.000005 0.000002 0.000020 0.000008 0.000000 0.000008 0.000005 0.000206 0.000110 0.000110 0.000194 0.000203 0.000206 
KM027260_2014-04-21 0.000182 0.000185 0.000182 0.000182 0.000137 0.000149 0.000137 0.000182 0.000158 0.000143 0.000185 0.000188 0.000188 0.000179 0.000194 0.000182 0.000140 0.000147 0.000188 0.000191 0.000152 0.000149 0.000152 0.000170 0.000134 0.000146 0.000125 0.000138 0.000188 0.000188 0.000188 0.000054 0.000054 0.000104 0.000128 0.000185 0.000008 0.000005 0.000023 0.000011 0.000008 0.000000 0.000008 0.000209 0.000113 0.000113 0.000197 0.000206 0.000209 
KM027261_2014-04-15 0.000180 0.000180 0.000177 0.000177 0.000138 0.000147 0.000135 0.000177 0.000156 0.000141 0.000180 0.000183 0.000183 0.000174 0.000189 0.000177 0.000134 0.000144 0.000183 0.000186 0.000147 0.000147 0.000147 0.000168 0.000132 0.000144 0.000123 0.000135 0.000183 0.000183 0.000183 0.000051 0.000051 0.000102 0.000123 0.000180 0.000001 0.000002 0.000020 0.000008 0.000005 0.000008 0.000000 0.000207 0.000111 0.000111 0.000195 0.000204 0.000207 
KM027262_2014-04-22 0.000188 0.000191 0.000188 0.000188 0.000191 0.000251 0.000191 0.000188 0.000134 0.000161 0.000197 0.000194 0.000194 0.000185 0.000200 0.000188 0.000152 0.000249 0.000194 0.000197 0.000155 0.000245 0.000155 0.000158 0.000242 0.000242 0.000197 0.000240 0.000206 0.000206 0.000206 0.000215 0.000209 0.000224 0.000218 0.000197 0.000206 0.000203 0.000222 0.000210 0.000206 0.000209 0.000207 0.000000 0.000263 0.000263 0.000245 0.000254 0.000257 
KR011263_2015-01-21 0.000232 0.000231 0.000228 0.000232 0.000184 0.000202 0.000181 0.000229 0.000205 0.000202 0.000237 0.000235 0.000235 0.000226 0.000240 0.000229 0.000187 0.000191 0.000235 0.000241 0.000211 0.000190 0.000211 0.000217 0.000169 0.000187 0.000172 0.000179 0.000234 0.000234 0.000234 0.000077 0.000092 0.000142 0.000151 0.000226 0.000110 0.000107 0.000120 0.000114 0.000110 0.000113 0.000111 0.000263 0.000000 0.000001 0.000244 0.000252 0.000255 
KR011265_2015-01-26 0.000232 0.000231 0.000228 0.000232 0.000184 0.000202 0.000181 0.000229 0.000205 0.000202 0.000237 0.000235 0.000235 0.000226 0.000240 0.000229 0.000187 0.000191 0.000235 0.000241 0.000211 0.000190 0.000211 0.000217 0.000169 0.000187 0.000172 0.000179 0.000234 0.000234 0.000234 0.000077 0.000092 0.000142 0.000151 0.000226 0.000110 0.000107 0.000120 0.000114 0.000110 0.000113 0.000111 0.000263 0.000001 0.000000 0.000244 0.000252 0.000255 
KT026453_2015-02-10 0.000238 0.000238 0.000234 0.000238 0.000220 0.000256 0.000217 0.000235 0.000148 0.000226 0.000244 0.000241 0.000241 0.000232 0.000246 0.000235 0.000199 0.000252 0.000241 0.000247 0.000202 0.000244 0.000199 0.000175 0.000241 0.000247 0.000226 0.000239 0.000264 0.000264 0.000264 0.000208 0.000211 0.000232 0.000253 0.000255 0.000194 0.000191 0.000210 0.000198 0.000194 0.000197 0.000195 0.000245 0.000244 0.000244 0.000000 0.000065 0.000068 
KT026454_2015-03-01 0.000247 0.000246 0.000243 0.000247 0.000229 0.000265 0.000226 0.000244 0.000154 0.000235 0.000252 0.000250 0.000250 0.000241 0.000255 0.000243 0.000208 0.000260 0.000250 0.000262 0.000211 0.000253 0.000208 0.000181 0.000250 0.000256 0.000235 0.000245 0.000273 0.000273 0.000273 0.000217 0.000220 0.000240 0.000261 0.000264 0.000203 0.000200 0.000219 0.000207 0.000203 0.000206 0.000204 0.000254 0.000252 0.000252 0.000065 0.000000 0.000002 
KT026456_2015-03-01 0.000250 0.000249 0.000246 0.000250 0.000232 0.000268 0.000229 0.000247 0.000157 0.000238 0.000255 0.000253 0.000253 0.000244 0.000258 0.000246 0.000211 0.000264 0.000253 0.000265 0.000214 0.000256 0.000211 0.000184 0.000253 0.000259 0.000238 0.000248 0.000276 0.000276 0.000276 0.000220 0.000223 0.000243 0.000264 0.000267 0.000206 0.000203 0.000222 0.000210 0.000206 0.000209 0.000207 0.000257 0.000255 0.000255 0.000068 0.000002 0.000000 
